2.347000000000000197e-01
1.948999999999999899e-01
1.529999999999999971e-01
1.186000000000000110e-01
1.300000000000000044e-01
1.234000000000000097e-01
1.250999999999999890e-01
1.207999999999999907e-01
1.068000000000000060e-01
1.106999999999999929e-01
1.271999999999999797e-01
1.209999999999999964e-01
1.270000000000000018e-01
1.299000000000000155e-01
1.330999999999999961e-01
1.396000000000000019e-01
1.526000000000000134e-01
1.426999999999999935e-01
1.350999999999999979e-01
1.340000000000000080e-01
6.889999999999998903e-02
9.690000000000000002e-02
1.171000000000000096e-01
4.349999999999999700e-02
3.359999999999999792e-02
5.490000000000000435e-02
1.880000000000000074e-02
1.590000000000000094e-02
2.890000000000000208e-02
1.020000000000000073e-02
3.499999999999999639e-03
5.300000000000000024e-03
3.099999999999999891e-03
6.899999999999999883e-03
2.299999999999999961e-03
1.200000000000000112e-03
1.099999999999999849e-03
6.000000000000000559e-04
3.000000000000000279e-04
7.999999999999999299e-04
7.999999999999999299e-04
6.999999999999999929e-04
2.000000000000000096e-04
3.000000000000000279e-04
1.000000000000000048e-04
4.000000000000000192e-04
0.000000000000000000e+00
3.000000000000000279e-04
2.000000000000000096e-04
0.000000000000000000e+00
1.000000000000000048e-04
3.000000000000000279e-04
1.000000000000000048e-04
2.000000000000000096e-04
1.000000000000000048e-04
3.000000000000000279e-04
2.000000000000000096e-04
0.000000000000000000e+00
1.000000000000000048e-04
0.000000000000000000e+00
2.000000000000000096e-04
1.000000000000000048e-04
1.000000000000000048e-04
0.000000000000000000e+00
0.000000000000000000e+00
1.000000000000000048e-04
1.000000000000000048e-04
0.000000000000000000e+00
2.000000000000000096e-04
1.000000000000000048e-04
2.001999999999999891e-01
1.295999999999999930e-01
1.460000000000000187e-01
1.675999999999999990e-01
1.188000000000000028e-01
1.275999999999999912e-01
1.134000000000000008e-01
1.232000000000000040e-01
1.121000000000000052e-01
1.123999999999999999e-01
1.100000000000000006e-01
1.217000000000000026e-01
1.255000000000000004e-01
1.285999999999999921e-01
1.355999999999999983e-01
1.403999999999999970e-01
1.471999999999999975e-01
1.361999999999999877e-01
1.459000000000000019e-01
1.223000000000000059e-01
6.429999999999999605e-02
1.028000000000000025e-01
8.069999999999999396e-02
4.829999999999999571e-02
2.019999999999999921e-02
3.150000000000000022e-02
1.480000000000000066e-02
4.120000000000000051e-02
1.109999999999999876e-02
6.000000000000000125e-03
1.009999999999999960e-02
4.300000000000000003e-03
3.599999999999999901e-03
1.899999999999999779e-03
1.799999999999999951e-03
1.799999999999999951e-03
1.299999999999999940e-03
5.000000000000000104e-04
6.000000000000000559e-04
5.000000000000000104e-04
3.000000000000000279e-04
2.999999999999999737e-04
2.000000000000000096e-04
2.000000000000000096e-04
3.999999999999999650e-04
1.000000000000000048e-04
2.599000000000000199e-01
1.834000000000000075e-01
1.474999999999999922e-01
1.522000000000000020e-01
1.502999999999999892e-01
1.395000000000000129e-01
1.336999999999999855e-01
1.406000000000000028e-01
1.519999999999999962e-01
1.677000000000000157e-01
1.563999999999999835e-01
1.044999999999999957e-01
7.119999999999999940e-02
1.437999999999999834e-01
3.009999999999999828e-02
4.839999999999999858e-02
1.290000000000000001e-02
1.929999999999999771e-02
6.199999999999999782e-03
3.800000000000000426e-03
1.799999999999999951e-03
3.000000000000000062e-03
1.000000000000000021e-03
1.000000000000000048e-04
1.000000000000000021e-03
7.999999999999999299e-04
7.999999999999999299e-04
5.000000000000000104e-04
2.000000000000000096e-04
4.000000000000000192e-04
0.000000000000000000e+00
2.000000000000000096e-04
3.999999999999999650e-04
2.000000000000000096e-04
2.000000000000000096e-04
5.000000000000000104e-04
3.000000000000000279e-04
2.000000000000000096e-04
1.000000000000000048e-04
0.000000000000000000e+00
2.999999999999999737e-04
2.000000000000000096e-04
5.000000000000000104e-04
1.000000000000000048e-04
1.000000000000000048e-04
1.000000000000000048e-04
3.000000000000000279e-04
2.000000000000000096e-04
1.000000000000000048e-04
0.000000000000000000e+00
2.210000000000000020e-01
1.675999999999999990e-01
1.552999999999999936e-01
1.472999999999999865e-01
1.403999999999999970e-01
1.381999999999999895e-01
1.380000000000000115e-01
1.456999999999999962e-01
1.683000000000000052e-01
1.592999999999999972e-01
8.669999999999999929e-02
1.522000000000000020e-01
1.265999999999999903e-01
5.449999999999999983e-02
4.170000000000000095e-02
2.439999999999999808e-02
1.499999999999999944e-02
7.100000000000000408e-03
5.499999999999999681e-03
2.899999999999999800e-03
2.000000000000000042e-03
2.000000000000000042e-03
1.399999999999999986e-03
8.999999999999999754e-04
3.000000000000000279e-04
6.000000000000000559e-04
4.000000000000000192e-04
5.999999999999999474e-04
1.000000000000000048e-04
2.000000000000000096e-04
2.999999999999999737e-04
5.000000000000000104e-04
2.000000000000000096e-04
3.000000000000000279e-04
1.000000000000000048e-04
2.000000000000000096e-04
4.000000000000000192e-04
1.000000000000000048e-04
2.609000000000000208e-01
1.461999999999999966e-01
1.899000000000000132e-01
1.388000000000000067e-01
1.439000000000000001e-01
1.348000000000000032e-01
1.310999999999999943e-01
1.348999999999999921e-01
1.441999999999999948e-01
1.461000000000000076e-01
1.653999999999999915e-01
1.615000000000000047e-01
1.492999999999999883e-01
1.226000000000000006e-01
9.639999999999999958e-02
3.269999999999999990e-02
5.999999999999999778e-02
4.439999999999999503e-02
2.029999999999999860e-02
4.599999999999999922e-03
7.100000000000000408e-03
1.370000000000000037e-02
2.700000000000000143e-03
8.999999999999999754e-04
1.000000000000000021e-03
1.799999999999999951e-03
1.099999999999999849e-03
2.000000000000000096e-04
1.000000000000000048e-04
7.999999999999999299e-04
3.999999999999999650e-04
2.000000000000000096e-04
1.000000000000000048e-04
4.000000000000000192e-04
5.000000000000000104e-04
1.000000000000000048e-04
3.000000000000000279e-04
2.000000000000000096e-04
2.000000000000000096e-04
1.000000000000000048e-04
1.000000000000000048e-04
0.000000000000000000e+00
1.000000000000000048e-04
1.000000000000000048e-04
3.999999999999999650e-04
1.000000000000000048e-04
1.000000000000000048e-04
2.999999999999999737e-04
2.999999999999999737e-04
1.000000000000000048e-04
2.000000000000000096e-04
2.000000000000000096e-04
2.000000000000000096e-04
1.000000000000000048e-04
1.000000000000000048e-04
2.000000000000000096e-04
2.000000000000000096e-04
1.000000000000000048e-04
5.000000000000000104e-04
1.000000000000000048e-04
2.213999999999999857e-01
1.471000000000000085e-01
1.344000000000000195e-01
1.635000000000000064e-01
1.386999999999999900e-01
1.411999999999999922e-01
1.363000000000000045e-01
1.421000000000000041e-01
1.600999999999999923e-01
1.582999999999999963e-01
1.652000000000000135e-01
1.527999999999999914e-01
7.200000000000000844e-02
1.073999999999999955e-01
2.380000000000000171e-02
1.425000000000000155e-01
4.000000000000000083e-02
1.109999999999999876e-02
1.680000000000000243e-02
6.500000000000000569e-03
3.199999999999999720e-03
5.590000000000000524e-02
1.200000000000000112e-03
6.000000000000000559e-04
8.000000000000000383e-04
8.000000000000000383e-04
3.000000000000000279e-04
2.400000000000000223e-03
5.000000000000000104e-04
6.000000000000000559e-04
6.000000000000000559e-04
5.000000000000000104e-04
6.999999999999999929e-04
3.000000000000000279e-04
2.000000000000000096e-04
0.000000000000000000e+00
1.000000000000000048e-04
3.000000000000000279e-04
2.321000000000000008e-01
1.822000000000000008e-01
1.469999999999999918e-01
1.372999999999999776e-01
1.197999999999999898e-01
1.219999999999999973e-01
1.316999999999999837e-01
1.325000000000000067e-01
1.295999999999999930e-01
1.291999999999999815e-01
1.333999999999999908e-01
1.350999999999999979e-01
1.423999999999999988e-01
1.496999999999999997e-01
1.517999999999999905e-01
1.587999999999999967e-01
1.557999999999999940e-01
1.466999999999999971e-01
1.136999999999999955e-01
1.346999999999999864e-01
8.229999999999999816e-02
6.250000000000000000e-02
4.700000000000000011e-02
4.179999999999999688e-02
2.139999999999999888e-02
1.540000000000000049e-02
3.179999999999999494e-02
7.199999999999999803e-03
4.399999999999999398e-03
8.999999999999999320e-03
1.460000000000000013e-02
2.700000000000000143e-03
2.400000000000000223e-03
1.299999999999999940e-03
3.000000000000000062e-03
5.999999999999999474e-04
1.299999999999999940e-03
8.999999999999999754e-04
6.000000000000000559e-04
1.200000000000000112e-03
5.000000000000000104e-04
2.000000000000000096e-04
2.000000000000000096e-04
6.000000000000000559e-04
5.000000000000000104e-04
0.000000000000000000e+00
2.999999999999999737e-04
2.000000000000000096e-04
3.000000000000000279e-04
2.000000000000000096e-04
1.903000000000000247e-01
1.615999999999999936e-01
1.305000000000000049e-01
1.145000000000000046e-01
1.274000000000000132e-01
1.395000000000000129e-01
1.354000000000000203e-01
1.238999999999999962e-01
1.270000000000000018e-01
1.310999999999999943e-01
1.336999999999999855e-01
1.532000000000000028e-01
1.376000000000000001e-01
1.522999999999999909e-01
1.514000000000000068e-01
1.597000000000000086e-01
1.431999999999999940e-01
1.549999999999999989e-01
1.185999999999999971e-01
4.120000000000000051e-02
5.600000000000000117e-02
9.179999999999999272e-02
3.410000000000000531e-02
7.220000000000000029e-02
2.599999999999999881e-02
1.890000000000000013e-02
1.200000000000000025e-02
1.020000000000000073e-02
3.499999999999999639e-03
3.299999999999999982e-03
2.700000000000000143e-03
7.700000000000000247e-03
6.999999999999999929e-04
2.499999999999999618e-03
1.200000000000000112e-03
8.999999999999999754e-04
1.100000000000000066e-03
6.999999999999999929e-04
1.200000000000000112e-03
7.999999999999999299e-04
1.000000000000000048e-04
5.000000000000000104e-04
1.000000000000000048e-04
2.000000000000000096e-04
3.999999999999999650e-04
5.000000000000000104e-04
5.999999999999999474e-04
1.030999999999999972e-01
1.300999999999999934e-01
2.056999999999999940e-01
1.597000000000000086e-01
9.589999999999999913e-02
1.173000000000000015e-01
1.229999999999999982e-01
1.120000000000000023e-01
1.174000000000000044e-01
1.134999999999999898e-01
1.122999999999999970e-01
1.171000000000000096e-01
1.208000000000000046e-01
1.135000000000000037e-01
1.282999999999999974e-01
1.340999999999999970e-01
1.482999999999999874e-01
1.502000000000000002e-01
1.391999999999999904e-01
1.570999999999999897e-01
1.408999999999999975e-01
9.320000000000000506e-02
1.159000000000000030e-01
5.619999999999999996e-02
7.469999999999998863e-02
4.760000000000000342e-02
2.050000000000000086e-02
3.939999999999999752e-02
2.929999999999999966e-02
1.839999999999999969e-02
1.319999999999999993e-02
3.899999999999999821e-03
9.899999999999999079e-03
2.799999999999999972e-03
2.599999999999999881e-03
2.500000000000000052e-03
5.000000000000000104e-04
2.000000000000000042e-03
1.299999999999999940e-03
6.999999999999999929e-04
6.599999999999999964e-03
6.000000000000000559e-04
4.000000000000000192e-04
7.999999999999999299e-04
6.000000000000000559e-04
4.000000000000000192e-04
0.000000000000000000e+00
6.000000000000000559e-04
3.000000000000000279e-04
1.000000000000000048e-04
5.000000000000000104e-04
0.000000000000000000e+00
0.000000000000000000e+00
2.999999999999999737e-04
3.000000000000000279e-04
0.000000000000000000e+00
0.000000000000000000e+00
0.000000000000000000e+00
0.000000000000000000e+00
0.000000000000000000e+00
1.734999999999999876e-01
1.417999999999999816e-01
1.112999999999999962e-01
9.659999999999999143e-02
9.800000000000000377e-02
1.181999999999999995e-01
1.186000000000000110e-01
1.141000000000000070e-01
1.178000000000000019e-01
1.139000000000000012e-01
1.129000000000000004e-01
1.147999999999999993e-01
1.191000000000000114e-01
1.247999999999999943e-01
1.279000000000000137e-01
1.400000000000000133e-01
1.489999999999999936e-01
1.451999999999999957e-01
1.477999999999999869e-01
1.428999999999999992e-01
1.219000000000000083e-01
1.091999999999999915e-01
5.699999999999999512e-02
8.229999999999999816e-02
4.359999999999999987e-02
6.010000000000000064e-02
1.349999999999999985e-02
2.029999999999999860e-02
2.310000000000000248e-02
3.510000000000000620e-02
9.100000000000000450e-03
1.099999999999999936e-02
2.799999999999999972e-03
2.599999999999999881e-03
5.299999999999999156e-03
1.100000000000000066e-03
1.399999999999999986e-03
2.299999999999999961e-03
7.999999999999999299e-04
6.000000000000000559e-04
7.999999999999999299e-04
8.999999999999999754e-04
1.000000000000000048e-04
3.700000000000000164e-03
6.000000000000000559e-04
2.000000000000000096e-04
2.000000000000000096e-04
1.000000000000000048e-04
2.000000000000000096e-04
0.000000000000000000e+00
0.000000000000000000e+00
1.000000000000000048e-04
0.000000000000000000e+00
0.000000000000000000e+00
2.000000000000000096e-04
1.252999999999999947e-01
1.229000000000000092e-01
1.605999999999999928e-01
2.134000000000000064e-01
1.195999999999999980e-01
1.066000000000000003e-01
1.037000000000000005e-01
9.720000000000000862e-02
1.126000000000000056e-01
1.277999999999999969e-01
1.298999999999999877e-01
4.630000000000000088e-02
1.272000000000000075e-01
7.380000000000000449e-02
3.130000000000000143e-02
6.399999999999999439e-03
1.909999999999999892e-02
1.099999999999999936e-02
1.399999999999999986e-03
4.899999999999999842e-03
7.999999999999999299e-04
1.004000000000000031e-01
3.999999999999999650e-04
7.999999999999999299e-04
1.000000000000000048e-04
2.400000000000000223e-03
2.000000000000000096e-04
0.000000000000000000e+00
2.000000000000000096e-04
3.000000000000000279e-04
2.000000000000000096e-04
1.000000000000000048e-04
0.000000000000000000e+00
0.000000000000000000e+00
0.000000000000000000e+00
2.999999999999999737e-04
0.000000000000000000e+00
0.000000000000000000e+00
1.000000000000000048e-04
0.000000000000000000e+00
0.000000000000000000e+00
0.000000000000000000e+00
0.000000000000000000e+00
0.000000000000000000e+00
0.000000000000000000e+00
0.000000000000000000e+00
1.255000000000000004e-01
1.181999999999999995e-01
1.408999999999999975e-01
1.948000000000000009e-01
1.015000000000000069e-01
1.237000000000000044e-01
1.053000000000000047e-01
1.121999999999999942e-01
1.222000000000000031e-01
1.250999999999999890e-01
1.287999999999999978e-01
8.349999999999999090e-02
5.469999999999999862e-02
1.184000000000000052e-01
4.059999999999999720e-02
8.699999999999999400e-03
1.449999999999999900e-02
5.799999999999999600e-03
2.899999999999999800e-03
2.570000000000000062e-02
1.200000000000000112e-03
1.200000000000000112e-03
2.999999999999999737e-04
5.000000000000000104e-04
1.700000000000000122e-03
3.000000000000000279e-04
4.746000000000000218e-01
2.083000000000000129e-01
2.624999999999999556e-01
3.099000000000000088e-01
1.852000000000000035e-01
1.275999999999999912e-01
1.552000000000000046e-01
1.093000000000000083e-01
9.479999999999999538e-02
1.057000000000000023e-01
1.123999999999999999e-01
1.089999999999999997e-01
7.399999999999999634e-02
8.640000000000000457e-02
1.068000000000000060e-01
4.630000000000000088e-02
2.790000000000000119e-02
1.669999999999999957e-02
1.149999999999999981e-02
3.769999999999999740e-02
3.799999999999999559e-03
1.799999999999999951e-03
1.000000000000000021e-03
1.299999999999999940e-03
1.100000000000000066e-03
5.599999999999999943e-03
7.999999999999999299e-04
1.000000000000000048e-04
0.000000000000000000e+00
8.999999999999999754e-04
3.999999999999999650e-04
2.000000000000000096e-04
1.000000000000000048e-04
1.000000000000000048e-04
3.000000000000000279e-04
0.000000000000000000e+00
0.000000000000000000e+00
1.000000000000000048e-04
1.000000000000000048e-04
3.999999999999999650e-04
0.000000000000000000e+00
1.512000000000000011e-01
1.759999999999999898e-01
2.071999999999999953e-01
2.373999999999999999e-01
1.456999999999999962e-01
1.270000000000000018e-01
1.284000000000000141e-01
1.232000000000000040e-01
9.800000000000000377e-02
1.069999999999999979e-01
8.060000000000000497e-02
8.899999999999999578e-02
6.620000000000000884e-02
7.280000000000000360e-02
6.880000000000000004e-02
7.549999999999999767e-02
3.969999999999999918e-02
5.119999999999999551e-02
5.639999999999999875e-02
2.559999999999999776e-02
5.770000000000000129e-02
2.319999999999999840e-02
3.569999999999999563e-02
1.720000000000000001e-02
7.100000000000000408e-03
1.089999999999999997e-02
1.449999999999999900e-02
1.899999999999999779e-03
3.899999999999999821e-03
3.800000000000000426e-03
2.899999999999999800e-03
2.000000000000000042e-03
1.500000000000000031e-03
1.799999999999999951e-03
1.200000000000000112e-03
8.999999999999999754e-04
8.999999999999999754e-04
3.000000000000000279e-04
3.999999999999999650e-04
6.000000000000000559e-04
5.000000000000000104e-04
7.999999999999999299e-04
3.999999999999999650e-04
1.000000000000000048e-04
3.000000000000000279e-04
2.000000000000000096e-04
0.000000000000000000e+00
0.000000000000000000e+00
0.000000000000000000e+00
0.000000000000000000e+00
1.000000000000000048e-04
9.490000000000001212e-02
7.869999999999999218e-02
8.970000000000000195e-02
7.000000000000000666e-02
6.089999999999999580e-02
6.189999999999999669e-02
5.290000000000000258e-02
5.050000000000000322e-02
4.410000000000000031e-02
4.449999999999999789e-02
4.629999999999999394e-02
4.499999999999999833e-02
4.340000000000000108e-02
4.299999999999999656e-02
3.919999999999999873e-02
3.379999999999999671e-02
3.350000000000000200e-02
3.309999999999999748e-02
2.729999999999999788e-02
2.670000000000000151e-02
2.530000000000000304e-02
2.000000000000000042e-02
1.629999999999999852e-02
1.559999999999999928e-02
1.469999999999999953e-02
1.460000000000000013e-02
1.499999999999999944e-02
1.389999999999999916e-02
1.030000000000000013e-02
7.400000000000000328e-03
1.020000000000000073e-02
6.599999999999999964e-03
4.599999999999999922e-03
1.500000000000000031e-03
1.599999999999999860e-03
4.499999999999999660e-03
1.599999999999999860e-03
7.999999999999999299e-04
6.000000000000000559e-04
4.000000000000000192e-04
6.999999999999999929e-04
1.200000000000000112e-03
5.000000000000000104e-04
6.000000000000000559e-04
6.000000000000000559e-04
3.999999999999999650e-04
4.000000000000000192e-04
2.000000000000000096e-04
4.000000000000000192e-04
3.999999999999999650e-04
3.000000000000000279e-04
3.000000000000000279e-04
2.000000000000000096e-04
2.000000000000000096e-04
0.000000000000000000e+00
1.000000000000000048e-04
2.000000000000000096e-04
2.000000000000000096e-04
0.000000000000000000e+00
1.000000000000000048e-04
3.000000000000000279e-04
4.420000000000000318e-02
4.910000000000000475e-02
4.199999999999999567e-02
3.420000000000000123e-02
2.999999999999999889e-02
2.639999999999999986e-02
2.160000000000000114e-02
1.870000000000000134e-02
1.890000000000000013e-02
1.899999999999999953e-02
1.630000000000000199e-02
1.569999999999999868e-02
1.589999999999999747e-02
8.899999999999999925e-03
9.100000000000000450e-03
8.399999999999999481e-03
8.899999999999999925e-03
6.899999999999999883e-03
5.100000000000000366e-03
5.100000000000000366e-03
4.300000000000000003e-03
5.100000000000000366e-03
2.500000000000000052e-03
2.700000000000000143e-03
1.299999999999999940e-03
2.000000000000000042e-03
2.400000000000000223e-03
1.200000000000000112e-03
6.000000000000000559e-04
3.999999999999999650e-04
5.000000000000000104e-04
6.000000000000000559e-04
1.000000000000000048e-04
1.000000000000000048e-04
0.000000000000000000e+00
1.000000000000000048e-04
3.000000000000000279e-04
2.999999999999999737e-04
2.000000000000000096e-04
2.000000000000000096e-04
3.000000000000000279e-04
2.000000000000000096e-04
1.000000000000000048e-04
3.000000000000000279e-04
1.000000000000000048e-04
1.000000000000000048e-04
0.000000000000000000e+00
0.000000000000000000e+00
0.000000000000000000e+00
1.000000000000000048e-04
1.000000000000000048e-04
1.000000000000000048e-04
0.000000000000000000e+00
0.000000000000000000e+00
0.000000000000000000e+00
0.000000000000000000e+00
1.000000000000000048e-04
