3.180000000000000101e-03
2.720000000000000195e-03
3.020000000000000115e-03
2.939999999999999905e-03
3.059999999999999786e-03
3.599999999999999901e-03
3.279999999999999930e-03
3.000000000000000062e-03
2.439999999999999895e-03
2.599999999999999881e-03
2.700000000000000143e-03
3.040000000000000167e-03
2.779999999999999919e-03
3.360000000000000139e-03
3.759999999999999887e-03
3.680000000000000111e-03
3.759999999999999887e-03
4.300000000000000003e-03
3.939999999999999926e-03
5.159999999999999656e-03
4.300000000000000003e-03
2.639999999999999986e-03
3.880000000000000202e-03
2.959999999999999958e-03
1.039999999999999909e-03
1.740000000000000010e-03
1.619999999999999912e-03
9.399999999999999719e-04
1.600000000000000131e-04
4.200000000000000174e-04
4.400000000000000157e-04
1.200000000000000030e-04
1.200000000000000030e-04
1.800000000000000113e-04
6.000000000000000152e-05
8.000000000000000654e-05
2.000000000000000164e-05
2.000000000000000164e-05
0.000000000000000000e+00
2.000000000000000164e-05
2.000000000000000164e-05
2.000000000000000164e-05
0.000000000000000000e+00
0.000000000000000000e+00
0.000000000000000000e+00
0.000000000000000000e+00
0.000000000000000000e+00
2.000000000000000164e-05
0.000000000000000000e+00
2.000000000000000164e-05
0.000000000000000000e+00
0.000000000000000000e+00
2.000000000000000164e-05
8.540000000000000716e-03
7.100000000000000408e-03
9.440000000000000474e-03
1.450000000000000074e-02
7.020000000000000198e-03
6.680000000000000174e-03
6.799999999999999621e-03
6.239999999999999887e-03
6.660000000000000121e-03
7.879999999999999852e-03
3.579999999999999849e-03
5.440000000000000391e-03
1.299999999999999940e-03
8.199999999999999824e-04
5.399999999999998985e-04
3.600000000000000227e-04
2.200000000000000133e-03
1.599999999999999860e-04
2.000000000000000096e-04
4.000000000000000327e-05
7.999999999999999299e-05
0.000000000000000000e+00
2.000000000000000164e-05
0.000000000000000000e+00
0.000000000000000000e+00
0.000000000000000000e+00
0.000000000000000000e+00
0.000000000000000000e+00
0.000000000000000000e+00
0.000000000000000000e+00
0.000000000000000000e+00
0.000000000000000000e+00
0.000000000000000000e+00
0.000000000000000000e+00
0.000000000000000000e+00
2.000000000000000164e-05
0.000000000000000000e+00
0.000000000000000000e+00
0.000000000000000000e+00
2.230000000000000038e-02
2.369999999999999885e-02
1.217999999999999985e-02
1.166000000000000023e-02
1.001999999999999939e-02
1.020000000000000073e-02
9.759999999999999579e-03
8.940000000000000030e-03
4.839999999999999684e-03
6.559999999999999859e-03
8.519999999999999796e-03
3.099999999999999891e-03
1.039999999999999909e-03
1.559999999999999972e-03
2.320000000000000014e-03
4.400000000000000157e-04
8.400000000000000348e-04
5.000000000000000104e-04
5.000000000000000104e-04
2.200000000000000078e-04
2.000000000000000096e-04
6.000000000000000152e-05
2.400000000000000061e-04
6.000000000000000152e-05
1.599999999999999860e-04
1.000000000000000048e-04
0.000000000000000000e+00
7.999999999999999299e-05
4.000000000000000327e-05
0.000000000000000000e+00
0.000000000000000000e+00
2.000000000000000164e-05
0.000000000000000000e+00
0.000000000000000000e+00
2.000000000000000164e-05
0.000000000000000000e+00
2.000000000000000164e-05
0.000000000000000000e+00
0.000000000000000000e+00
0.000000000000000000e+00
0.000000000000000000e+00
0.000000000000000000e+00
2.000000000000000164e-05
1.333999999999999943e-02
1.507999999999999965e-02
1.729999999999999941e-02
1.668000000000000038e-02
2.855999999999999858e-02
2.821999999999999856e-02
2.563999999999999960e-02
1.906000000000000055e-02
2.068000000000000047e-02
2.461999999999999952e-02
1.779999999999999898e-03
1.660000000000000017e-03
6.999999999999999929e-04
1.000000000000000021e-03
2.400000000000000061e-04
1.399999999999999877e-04
5.800000000000000034e-04
7.200000000000000453e-04
1.200000000000000030e-04
2.000000000000000164e-05
0.000000000000000000e+00
0.000000000000000000e+00
2.000000000000000164e-05
8.000000000000000654e-05
2.000000000000000164e-05
1.399999999999999877e-04
8.000000000000000654e-05
6.000000000000000152e-05
1.399999999999999877e-04
1.600000000000000131e-04
5.999999999999998797e-05
7.999999999999999299e-05
2.799999999999999755e-04
1.599999999999999860e-04
0.000000000000000000e+00
0.000000000000000000e+00
6.000000000000000152e-05
1.599999999999999860e-04
2.000000000000000164e-05
0.000000000000000000e+00
0.000000000000000000e+00
0.000000000000000000e+00
0.000000000000000000e+00
0.000000000000000000e+00
0.000000000000000000e+00
0.000000000000000000e+00
0.000000000000000000e+00
0.000000000000000000e+00
0.000000000000000000e+00
2.000000000000000164e-05
0.000000000000000000e+00
0.000000000000000000e+00
0.000000000000000000e+00
0.000000000000000000e+00
0.000000000000000000e+00
0.000000000000000000e+00
2.000000000000000164e-05
0.000000000000000000e+00
0.000000000000000000e+00
0.000000000000000000e+00
0.000000000000000000e+00
0.000000000000000000e+00
0.000000000000000000e+00
2.000000000000000164e-05
2.000000000000000164e-05
0.000000000000000000e+00
0.000000000000000000e+00
